           3  7.163888528807482E-015
           1  6.340858508483879E-011
           3  1.030121301948284E-014
           1  9.030879580352373E-011
           2  6.615907665760325E-009
           1  1.095133618832572E-010
           2  5.501747195220590E-009
           2  1.427454763812287E-013
           2  4.573856124940622E-009
           1  1.687869538451643E-010
           2  3.799195192396587E-009
           1  2.059896119829340E-010
           2  3.152190454770428E-009
           1  2.443284398357787E-010
           2  2.611481801684469E-009
           1  2.802690439365088E-010
           2  2.158987489450304E-009
           1  3.102770061635658E-010
           2  1.779239931103121E-009
           1  3.314662219680171E-010
           2  1.458948343479794E-009
           1  3.419685187339673E-010
           2  1.186763226087932E-009
           1  3.409479671731760E-010
           2  9.533092741452673E-010
           1  3.287265265827039E-010
           2  7.519785042190296E-010
           1  3.081327653388581E-010
           2  5.822545490622280E-010
           1  2.892819103124256E-010
           2  4.605457148020478E-010
           1  2.990577874236948E-010
           2  4.387332466941005E-010
           1  3.795331257386846E-010
           2  5.779445910476883E-010
           1  5.665261551431532E-010
           2  9.342390432029012E-010
           1  9.349427018759446E-010
           2  1.789935929324629E-009
           1  1.797352191808329E-009
           2  3.984962837982538E-009
           1  4.415728767945094E-009
           2  9.255276241960106E-009
           2  1.616145631213875E-011
           3  6.579791172630955E-012
           2  4.793780616282726E-011
           3  1.579768215251609E-011
           2  1.927829783993970E-010
           3  4.865602835475920E-011
           2  9.254450840350786E-010
           3  3.096650384696809E-010
           2  4.381157289013606E-009
           3  2.398795156286115E-009
           3  1.071509758907434E-010
           4  5.362182349159781E-011
           3  3.357854319740140E-010
           4  1.542916899348358E-010
           3  5.164749446205543E-010
           4  1.011688889333428E-009
           3  3.855459692424748E-009
           4  3.297553057281058E-009
           4  4.815970232905667E-011
           5  1.805811668868050E-010
           4  2.104576747725362E-009
           5  8.085037976386216E-010
           4  3.201065655226780E-009
           5  1.102579848114736E-009
           4  6.110426478886669E-010
           5  3.728771754416683E-010
           4  2.464903222567141E-010
           4  9.916640430538221E-009
           4  9.608844016731918E-011
           5  6.583835349630009E-010
           3  7.727709632756984E-009
           4  8.549102719818944E-009
           4  8.279175025161062E-010
           5  1.798076801165465E-010
           4  1.249960857057497E-009
           5  3.021402946007184E-010
           4  2.777001878104527E-009
           5  2.542872876188912E-009
           5  8.596012809155641E-009
           5  4.947932832641970E-009
           5  4.983934353154405E-010
           6  3.029489540309146E-009
           5  1.621107176619249E-009
           6  1.121002676374926E-009
           5  4.532857514636127E-009
           7  2.955914951961598E-010
           5  8.439924030524146E-009
           6  1.719938071940707E-009
           6  5.191772273089651E-010
           7  1.835456187932179E-009
           6  6.630373538678954E-009
           7  2.163698109091047E-009
           6  6.301234692123893E-009
           8  3.808665340074542E-010
           8  1.622096591148780E-009
           7  3.261619192528175E-009
           8  1.268370918138616E-010
           8  3.062852566593419E-009
           7  1.015521959586063E-009
           8  8.268882439014334E-010
           8  1.800366985391199E-010
           8  2.491478604549955E-009
           8  2.894753105219306E-010
           9  1.502448227263291E-009
           8  1.070534413327620E-009
           9  9.366529307272505E-010
           8  1.121499263686396E-009
           8  7.816252019853094E-009
           8  5.223597872662125E-009
           9  2.721646396221130E-009
           8  4.844798569173624E-009
           9  1.735576440447224E-009
           8  2.448028375975665E-009
           9  2.615661346491628E-009
           9  1.858545829168594E-010
           9  1.003767324365856E-009
           7  8.893567253353791E-009
           9  6.012849415210524E-009
           9  1.750007447288622E-010
           9  2.083308782505265E-009
           8  2.424921973285514E-009
           9  2.959582595841734E-010
           8  9.301781045277907E-010
           9  4.759182168466641E-010
           8  5.147839787722122E-010
           9  2.847260106756424E-010
           8  5.013637359412726E-010
           9  4.183594883771817E-010
           8  4.345357952773250E-010
           9  6.238434576883124E-009
           8  4.101714661825249E-010
           9  7.856449248237157E-010
           8  1.714296639955736E-009
          10  5.831759616589517E-009
           8  9.088353600132629E-009
           9  4.466903069871275E-009
           8  2.953722875202784E-009
          10  6.490393589516728E-010
           9  1.329743067154564E-009
          10  1.155020147831978E-009
           9  7.060584458787833E-010
          11  9.846161225834225E-009
           8  1.820151596970609E-009
           9  7.452946472135941E-009
           8  3.728320555024341E-009
          10  3.555075262771850E-009
           9  3.045138432785960E-009
          10  3.061318743323815E-009
           9  4.858409110798274E-010
           9  1.027472244891317E-009
           8  5.511977292407199E-009
           9  2.011653540191580E-009
           8  1.524992018441311E-009
           9  9.364671359416991E-009
           8  2.087107227688019E-009
           9  2.077482365639235E-009
           8  5.434710241420606E-009
           9  3.302415967597750E-009
           8  9.970113411153621E-009
          10  3.433125419588575E-010
           8  4.089994305769169E-009
           9  6.774444480752115E-009
           8  4.441136423089090E-009
          10  2.046225224459855E-009
           9  5.442468574934337E-010
           9  5.491528617916198E-009
           8  6.668639510415112E-009
           9  4.431082251116915E-009
           8  3.894101376248307E-009
          10  1.671705947634241E-009
           9  3.243443685624974E-009
           9  1.573528011819452E-009
           8  1.791730846456455E-009
          10  1.338873111207506E-009
           9  1.576796735814851E-009
           9  7.138522603456751E-009
           8  7.312899428825786E-009
           9  4.542424839745627E-009
           8  4.549454246947660E-009
          11  1.428438845930885E-009
          10  1.446720234246898E-009
          10  6.087699813811816E-010
           8  2.419581525617756E-009
          10  1.669887522655128E-009
           9  3.003148378337887E-009
           9  4.054220189095701E-009
           8  4.129712733714437E-009
          10  5.040533910263610E-009
           9  3.184827817205992E-009
          10  2.926532218960457E-009
           9  4.689715883973834E-009
          10  2.286513471011601E-009
           9  3.604374038752359E-009
          10  2.593318508905344E-009
           9  2.288323480211996E-009
          10  3.405200960111249E-009
           9  7.309252105643478E-009
          12  5.735784487069248E-010
          10  7.883734916762720E-009
          12  2.875214835020572E-009
          11  3.243973495015373E-009
          11  3.496854183534413E-009
          10  3.501176952824216E-009
          10  7.376100535488220E-009
           9  3.124618785534705E-009
          10  2.148900876082568E-009
           8  9.861474541568468E-009
          11  4.503321473432210E-009
          10  1.555876109096642E-009
          12  1.612823166036507E-009
          11  2.768945463041128E-009
          11  3.581086482722832E-009
          10  2.550703589512085E-009
          11  1.426050472140024E-009
          10  1.210884302960149E-009
          11  2.098428200931023E-009
           9  2.161217823934522E-009
          11  4.924478537940542E-010
           9  8.506725345763230E-009
          12  7.543518370233375E-009
          10  3.898135430811003E-009
          11  1.601625928422734E-009
          10  1.812684975128373E-009
          11  1.002151366843421E-009
           9  8.310662731648671E-009
          11  1.125666886335759E-009
           9  7.203529915327749E-009
          11  2.961506267808250E-009
          10  9.536875141223730E-010
          12  2.713230105076584E-010
          11  2.682335141572963E-010
          10  3.031504189287714E-009
           9  3.301673071700795E-009
          12  6.014948403764031E-010
          10  2.244365779097184E-009
          11  7.904598548891302E-009
          10  2.135121966826617E-009
          12  1.689858546982925E-010
          10  1.568393183817850E-009
          10  5.048876191269026E-009
           9  3.101064520136141E-009
          11  5.010073161893231E-009
           9  2.822982458415418E-009
          10  5.548759726939929E-009
          10  2.027488771021860E-009
          10  5.089555038160912E-009
           9  6.464585938247158E-009
          10  8.103667312427509E-009
           9  3.856574503368879E-009
          10  7.831109666604625E-009
           9  5.137730375816549E-009
          10  7.148077580070597E-009
           9  6.055111162092970E-009
          11  5.837495489780051E-009
           9  2.211878936975009E-009
          11  1.676089374128166E-009
           9  5.814133932925180E-009
          10  6.023602699865573E-009
           9  4.812282730415669E-009
          11  3.722139934472120E-010
           9  8.478360562502434E-009
          10  4.634671136568254E-009
           9  2.628587022878982E-010
          10  8.395195643716741E-009
           9  9.763178133726690E-009
          10  3.189791320286451E-009
           9  6.297478392614197E-009
          11  2.881785310354520E-009
          10  1.654761654466402E-010
          11  2.412245333007539E-009
          10  4.833175348760628E-010
          11  2.688367731253016E-009
          10  5.762848282871408E-010
          11  3.651820355689023E-009
          10  6.124069401627503E-010
          11  4.862526275470094E-009
          10  6.663018000085919E-010
          11  5.771030851518201E-009
          10  6.644350331313877E-010
          11  6.083154783335059E-009
          10  5.287133947022178E-010
          11  6.038578966924402E-009
          10  3.521332652816697E-010
          11  5.972538660628112E-009
          10  2.410219248981406E-010
          11  5.380775138715843E-009
           9  7.628911687509828E-009
          11  1.358587856638788E-009
           9  5.009419376911927E-009
          11  1.182915414308439E-009
           9  4.684024646900847E-009
          11  4.085117420287525E-009
           9  4.587561583273349E-009
          11  1.751057107362922E-009
           9  4.174619279344938E-009
          11  1.778975476859348E-009
           9  3.556977247037484E-009
          11  3.491590341578088E-009
           9  2.823162382504332E-009
