           3  2.310628079291856E-012
           2  1.948236302359790E-011
           3  2.115348650648876E-010
           2  1.950360799487647E-011
           3  9.413121301907492E-012
           2  2.522353919969903E-011
           3  5.215803723694801E-011
           2  2.535670377924206E-011
           3  1.071959296235233E-011
           2  1.834999248105295E-011
           3  1.282462536761457E-011
           2  2.535460987189658E-011
           3  1.416778642886001E-011
           2  2.530438050236085E-011
           3  1.296780354297654E-011
           2  1.766893812673055E-011
           3  1.260509000925409E-011
           2  2.513424684908299E-011
           3  1.321467409632253E-011
           2  2.500509970897681E-011
           2  9.691808488811722E-009
           2  1.709646777801945E-011
           3  1.162797671165731E-011
           2  2.457769082400352E-011
           2  4.287955848473023E-009
           2  1.653637141825722E-011
           2  6.916748817365798E-009
           2  1.613095577646631E-011
           2  1.339302716513384E-009
           2  2.377377803548993E-011
           2  7.406116793045774E-010
           2  1.491868532181206E-011
           2  1.238703230183696E-009
           2  1.406921544260737E-011
           2  2.432750554655416E-010
           2  1.989532012720653E-011
           2  1.398089280223984E-010
           1  9.677714921968735E-009
           2  7.789167799040614E-011
           1  8.289348984697343E-009
           2  4.182212619273177E-011
           1  6.942136255351382E-009
           2  2.274079509690975E-011
           1  5.849474295392929E-009
           2  1.422384572000758E-011
           1  5.338269595004552E-009
           2  1.317214259440076E-011
           1  7.159264671190872E-009
           2  2.061096473383182E-011
           2  2.056213985430328E-011
           2  1.041500187970509E-010
           2  6.296814511986257E-011
           2  3.337882161026333E-010
           2  3.179330641643370E-010
           2  1.527069969352499E-009
           2  1.480326747544629E-009
           2  5.767930407634047E-009
           2  5.619867600259033E-009
           3  2.769672843254778E-011
           3  2.778291294164183E-011
           3  9.083343439725690E-011
           3  9.118519649057393E-011
           3  1.668117797971808E-010
           3  1.678912102152193E-010
           3  1.151161658712747E-009
           3  1.149412323995906E-009
           3  6.947797033929594E-009
           3  6.949483433676460E-009
           3  8.849515110818400E-009
           3  8.842278767198603E-009
           4  2.070449311747755E-011
           4  2.056425859956303E-011
           4  6.998460306265800E-011
           4  6.889981258008937E-011
           4  4.435481549545021E-011
           4  4.413588728200988E-011
